list(mu = 1, prec = 0.1, mu0 = 1, prec0 = 0.1)
